37408
45401
61532
56415
42541
50705
61856
18194
21541
3813
33303
2322
26545
64374
13739
48929
30776
7524
26495
59926
32011
1633
43349
567
60479
40388
21713
65175
46798
14273
36542
49295
38580
34129
36521
6900
26547
47963
16741
56336
14026
46535
53977
14201
30812
2173
30162
43854
24264
53418
63249
27125
42012
7359
38507
63486
40591
7524
1220
64476
6766
15686
45967
50351
63877
13776
16686
17670
55766
15212
22626
49145
12387
12577
57211
12610
6754
16866
39162
11641
15514
20839
4690
7498
1818
65419
55765
63300
38995
52245
53595
1482
55028
40375
9149
36016
37679
8763
61055
55691
3888
20355
21131
11662
357
41334
1529
7685
23087
28792
4206
17224
1994
4782
27500
64452
59170
6320
23201
29553
42219
20524
30120
13953
47146
50468
16318
10680
56397
30891
29121
35544
40390
13022
41749
29016
5738
47454
5547
27115
57248
54334
5033
6252
23820
13594
33154
4460
48161
22405
12496
16837
39191
25360
48671
36057
63832
36434
43405
48166
56301
23515
11957
17119
47895
42448
40729
45062
3048
61369
39571
20536
45920
1973
5696
30524
168
3394
19255
5997
35698
27741
11905
48187
14642
62440
14942
7007
5409
40593
2323
20661
56079
59930
29379
28787
27966
12752
42306
34260
38634
45793
38303
52934
47425
62511
31435
12891
25715
52011
60983
38357
37750
13593
17942
64871
50281
35659
39930
57438
35422
4745
19857
63132
23835
42306
8961
7563
20745
56973
25208
65260
21198
7386
8700
33423
24472
22305
719
1884
45769
49853
967
3666
52270
55994
19812
46431
42229
28666
16966
50907
5621
64531
60428
36526
56669
48034
14145
20097
29970
55298
45958
26822
62458
43144
34648
60710
917
22648
31660
31329
56965
54576
59976
45052
48340
8183
40409
6039
50520
3207
29471
20634
57783
12548
39605
54146
53633
45560
33304
10840
51674
34177
41926
31882
24472
26590
14640
41791
35484
45545
10367
10939
14335
31616
41925
5137
9847
24774
4520
25030
2709
5650
49334
26913
10292
60162
2389
6801
28936
61021
17896
27642
42724
37326
2254
25206
10322
15120
17179
58416
45220
59201
26900
8337
1795
61920
49531
33722
915
49913
56816
31686
29546
62449
7258
57781
52636
47193
5812
20056
49608
42041
5868
40062
58574
25642
15124
3643
61450
35015
41489
6769
35721
4026
7627
37760
43468
1067
56421
18121
23727
6086
51691
12408
23691
59499
5694
5729
28051
15814
773
41338
26975
41271
35395
38502
3179
35431
27549
29794
11924
63313
2743
50466
50031
45133
18566
43580
47356
64343
6853
31617
29169
61024
17171
32678
27099
31331
51788
15353
24078
18767
8016
31459
50099
31540
12787
53732
6876
37885
5798
6316
56688
42709
40104
19079
21
9985
27278
45873
45212
11238
17070
63316
47547
22407
52816
35043
38053
40973
63971
55062
10031
46612
31197
6892
48746
40755
26109
64026
23212
56854
4938
30071
34948
27777
705
13200
2867
10050
8065
22057
40461
42327
55692
45221
13384
55832
22046
36717
57050
10913
53934
56347
61466
41247
1946
31095
63844
49485
23135
19293
53737
53416
49202
48157
17368
36546
32872
20567
10192
50989
30011
16107
21258
33435
53427
12685
37952
6305
54717
38675
11078
62220
57954
63547
24786
28470
51849
56598
44084
11686
545
14969
50495
3198
52540
28246
1613
33392
27607
17828
7842
40423
32959
49373
40351
23428
16100
37784
48216
42994
57682
6673
47822
18335
46993
33653
30995
9136
29995
43822
53402
31323
16225
58606
53263
2641
8740
20638
59736
10501
38247
877
32611
29419
45090
62375
1312
22330
42713
33932
4581
38578
35611
22521
52903
6856
44910
39831
56364
34883
2788
61715
4609
6778
57432
51766
4493
43737
25135
13714
52670
4043
7131
42077
38700
65121
22900
51412
35880
24488
19151
54312
9342
9706
9618
48524
61330
29371
28828
59461
4568
42458
64874
9775
497
20972
59754
19974
61143
14297
36056
8789
58698
12306
11686
13902
39888
14954
1709
39543
63377
62965
3346
2791
10897
12959
25240
58791
23060
39468
37619
34804
15384
3684
18222
42788
4499
2670
44075
33680
59920
22073
15220
19440
41356
45148
14137
60371
35894
50551
65169
45768
6765
10224
23937
35267
54013
53345
20386
45850
4020
37374
62543
42482
49680
30631
711
27115
53283
2431
11115
49605
3707
26900
64481
28087
34701
9879
65099
14003
17842
54679
35490
19657
42753
9861
46112
45812
60334
38106
44770
915
3377
17395
14932
14691
28634
10001
65369
27384
61036
1877
19521
32918
29076
58827
18476
63656
26768
56137
10788
19313
20064
15566
31234
36329
1215
64814
6299
39862
23861
5219
11630
31609
9660
63073
319
27976
35690
44685
53759
21340
34629
9930
21524
65336
18728
6420
39745
39885
32711
36290
47333
36299
54398
65122
24930
63652
43839
60006
14037
50950
64357
3992
63085
60115
821
32993
14251
12667
24159
31315
58428
55270
11527
20053
13219
13156
5748
56593
8846
42402
62732
14674
57813
26171
25284
62767
6124
55333
33340
55576
32878
26985
43754
53732
9024
52008
52068
49669
10075
29881
46305
44983
65370
20806
15371
57845
7955
33179
26171
49246
36018
48754
17568
23418
58536
124
51650
2810
61738
9450
50825
31510
56145
46509
23523
16665
34990
22112
59951
54790
43784
34715
53628
56578
54494
3376
61984
24105
62198
48742
42464
7718
29987
31675
3042
15128
17868
29450
48693
32961
13298
25186
62480
33928
23867
45735
22911
7679
24843
46762
32986
36474
4390
10398
22007
64062
1002
55418
51975
21470
58967
63640
36226
42803
60636
19602
47880
45218
63409
53156
44133
51214
20049
62869
13513
34908
37957
6649
28308
62949
21345
53079
64063
43777
11188
47396
41265
15113
7086
16963
41454
17762
2497
35987
40725
56320
40966
16129
43997
61267
61715
40141
16509
27977
18033
29889
54453
62908
56433
49108
24378
17719
22431
7876
17414
21244
3326
7030
8697
12650
6861
6161
6119
58455
4940
135
14973
63435
6303
7789
7540
53085
45125
14419
9191
37644
59529
28669
15062
46719
16944
952
14182
19212
63424
14645
11487
20539
61806
47555
7912
49568
60361
39669
48998
12450
63399
10677
50853
52393
40487
27380
38124
6428
11129
41674
28579
32369
12738
13020
59183
61080
29166
51767
61058
3514
28148
23740
26560
35506
54868
13862
29500
26358
24172
60846
36023
63588
53280
6831
28573
4245
12875
43476
